409faa5f5353e543bf6d99125c7c0e83,1456.0
1237d5925a7176fced9dda961a86c684,1376.0
a7b877ae6d2f079a15b6b192a4425620,1345.0
a36b38f754f6abd278aeb9dbc7696343,1170.0
96cbccca68ad868a78bb0604e4a41cf5,1122.0
ef3fdbe1dcde754d91130cde6a4b4d61,1106.0
1694836fc379411d2b9aa087d68d571b,879.0
f6c10a04d57159c0d64d6bc30c677471,840.0
11f7b172e09b77715d3bb2175a40b409,823.0
c434ee7f909f455fc2109ef1f741a2d4,770.0
ffd60d684f32e6fd5b47fe90095f9d34,754.0
c6a6705874a49360a01c2b3fd39fe900,718.0
6b780e361cfc5f06def718518324bdcb,695.0
dc8a2f47b3d1dc2e1f5f805891976b29,624.0
5c78314ff92e6fec9aa07acc1fa0dc24,611.0
ddbc32632c9632d1dd746f28721f3a9f,588.0
5eee6273221f15d4e0cdc2c033f0dd72,557.0
5987b97497dc2c6f7c3d690526ea34b0,540.0
28df1c1787c97637be4f8a7fe41c1105,533.0
6e4d034e4b967b745639f825dc73ebe6,512.0
f2e9c4d09183997ce7cdab5a93686b4c,507.0
21449492f1325dc7fab32e2109758c15,451.0
b65d67bf1cf90c3fcd9868edc2f35454,445.0
352875c83f4adf659984d683666d2038,441.0
dbaaec51eeca49cb19d683ec4ed2ea7a,427.0
e043936a0f7ec9177eaaf79e4bbe8631,417.0
4ca02e17ff1a389f9bdd9eb488a01563,411.0
9279403ab31c9b2574b09cef10f08586,402.0
137b99f91e5e420832b5c3ae75a12a45,376.0
9b93b0042b0a3fba92a57224122cea67,362.0
8d0ef18ec87e81bbb286975b9b0cb5b6,327.0
e2b3c5ef478cae4cbabc7577bf139645,324.0
c471b243ae160f3817bd392932447fce,315.0
a56b903521b8ab33a7878b35582803a8,310.0
6c498e15165bcab4442f6e99135bcbb7,301.0
5ad30b3820e60e8bd5048ab0a31ad4be,288.0
c58d52926eceee08f400001aaf5dabb1,282.0
6898520892f36d2f9597b1c708e294f0,281.0
f9c93ccfdaccc1f8111dea02735ff80a,280.0
14a7b061e94506a22f6c2e448b4810d7,273.0
82bd79dc4db9e3681c376c90b1604fa8,264.0
eb175b48283334e153cd542b1756a647,259.0
476ca54c0b962e7b62e01fb0fc01890f,255.0
42db26c2c81f1d89d295d759f0490177,254.0
e2eea174f42cec1730a29e85e032fd98,253.0
664c5245b6cbfea323173cf7123c585c,245.0
fad7959733a200344fe5a2a9f6252f81,241.0
14440ff99dac4bafa3c3a275dde92935,239.0
892b0c3a180e5f4fe03cf39865a2f3a7,236.0
33df832b1e9ad54c3558fabb4cc38aa3,226.0
8800bca0dea2ed79f023f3e709b19076,221.0
c3bd77a0f6486c74b4b713ce8a5f285b,220.0
eaa0991aa08140f1d6317dd793953657,220.0
88d17d59e9681436cc60ba2ef049d35d,216.0
0b04c9afd8aa284f2791a1513cc7ba8e,211.0
eaafa5ddaa83a001babed4208f4817c6,211.0
9f749640ff795e2ec00098305514bac6,209.0
e81a04a50f341415b6b8dbb1f94c559c,206.0
c7a3c75d90688e68200e663a0c81ddb6,206.0
97fba611c33148ca4f36e745cd306e43,201.0
a6040fe8687b5cfc0e76f7030a94d7ac,195.0
29b4b85879d0c908835a2c655cd82b76,193.0
4c8ff0ea98d2c0ebb486e33bd96c61f9,190.0
0013c1743927ee19a962b903b8990896,185.0
a7fb4b2b79be3e851a32cc21d3a63e51,182.0
d4579db6ea66fa597bfe02b40a18bbbe,176.0
6005352a31338c68bafbc02b14883154,173.0
0d58e31838e84ccfcfa64aa3e283d3d7,167.0
fce1dd8b549c362b7abf3d12a9baba91,165.0
e7e19b672a061e119437a7cf815db964,164.0
b81d437663f6fa47595d54669713c504,160.0
cdb9c0ee3bba4c3d8b9292eb575bd9e3,159.0
6466aa53adc18d74c66bfebb47d6c1fb,158.0
bdb152823a97308c1f049837f0cf13db,156.0
4af45d65e7c6db259c975ec3cdc0ae11,153.0
7452a179b9a24c364642eeaade4d266f,152.0
55d9bfcfdf6da088d2b2b037555f75c4,148.0
78f2b9b3763f3936bc3cff11609e576d,147.0
366e4e1fa7fedeef5b48b920dd58b29d,146.0
249f6b48c028f8d074f9cd6078c8047f,142.0
c524ac41b7dc1cf61adcd13484ccc932,141.0
36d3b99cbc044e1531dc21fb94159f72,140.0
e1b9495f82b05c4ee6c846006f5f29b4,140.0
f922bb836523db0b8e265a464de54690,140.0
55095e7792a8354ba8acd1f954a93e35,136.0
9f51698bee1527e6e927666710070636,136.0
7dec4965667333a9713582024a0ce4d7,133.0
7105bd3f7e2806f37ec3f83f0698317b,132.0
a276f8620bf3ebe899a7b3a4f521385b,128.0
1531ab8d806a1ebbdfa11d2327d63cc0,127.0
cf8527ab06525df71af232b40bd43a82,126.0
9b86760f1d24e78119093f5f08f45f71,123.0
89cb1ddf89dcf11d86f725dbcaa9a5ce,121.0
fa1dc6427d18aaf77e40e39134ed4350,121.0
79fceab4210680594e1d67908b3f916d,121.0
158074f8225b5fd82f66c2274b8a500a,120.0
5ae984a77628c6893c56473778f39bd7,119.0
6fc9554fe685c9a092777b82cc9a9382,118.0
9049c405b6a27f610c16aaea6d2f7f4c,117.0
96e2044bcf16219eb5a8f559f18e5ee4,116.0
c77393c0daa9084c63a3d561f649094f,115.0
e3c8ba9699934b10ac2932d8be1c01cc,115.0
f31d6dfeec66b22ac98f0605d57e7bb4,114.0
5eca5c84925c78b71899493b972dcc65,114.0
19a3f449369bf77de0175f8316d44d6d,113.0
6f1ac04550f239a5d9628f1111d93f73,112.0
0b533f8dfe4baaa9ffe85c19be904d23,111.0
cecd91fbd9e6e5af849a4dce40a764bf,110.0
33d3bca1962c4b739138de9fdb847f40,109.0
284d330bf1174109694ba07c8d7ec160,108.0
e4428584f56dad3be647b257fce5e14a,108.0
2020f012b8d54728a27101d07b86377c,107.0
24e9c725863735bd49ea92bbfd06ff22,107.0
86b4c22b3bcd88d95151325f471af4c4,105.0
c9ca873f57e40e259c46c20af8b28e15,105.0
f148327714ec61657740ecd597133bc9,104.0
608b2702d9add6416695534f2defc137,104.0
29df4a8a59dafcfdce28202280d43683,103.0
8f7351b88293451571e8fdb902c26462,102.0
b6d98293c1633d2e47beb83d9d4469b3,102.0
9537c343f54aa56f292a9c9c52dbaba1,100.0
61a045faf09495a94e0b0746c5953e76,99.0
06015966d1dd0068124c96513b491552,99.0
968892a3bbecd95eb97292b31acb6d94,98.0
58e3d86e2b8f2b78c6ac03b581e15c1c,97.0
c80eefe57cea83f938da13e296d5caf1,97.0
d39e8f8d43d7ea4aec8f3a1bd9900351,95.0
7c5a31988630a53fb94006b9b99080d1,94.0
fbeced19be9e0e6cd278e5f70a447f3b,94.0
be2339ed842e86a8cbdb994dc01e84ec,92.0
1cc8550171d041ee01100ecd7f284593,92.0
b2e00f10d2ddcc8d2f82a1a2c31f010a,92.0
1c2ecd5c286dd4ab3eb6edfbf7549838,92.0
19a4ed2cf2b313f88807e84f4a9b2418,92.0
29e0eec3e07dc8861eb523f0f775e6d7,92.0
ee1137d36e78789d37d5a5d40902abe7,91.0
dc71e37636d34a8fe5d406127ef4c7a9,91.0
2d782ae41d907a9b8ccb7065152f695f,90.0
e8c1c4a847f98b4f68598db9fa173467,90.0
ce8486ede132c09704659e150dc9feb2,90.0
33390be9f1f70e7d927c8de364202b75,89.0
f1998b7237e46551e0b93accaf98dd7f,88.0
b57bc5dcf6016bb5817cc2a545dcaad8,88.0
0aa3da9b6eafa2cdd38a11ce20886dd8,88.0
5c68019295b8c9b20388c7a206ae474e,87.0
1b3c49af361cfe385e0a07ee6da2b062,87.0
3db7618a9936a7a2b8182c81ad2ba8eb,87.0
31f45031a1cc37f89cfac0fa4a52f142,87.0
79a27563922626043e5d5e2f018184ec,87.0
c9b182bfcf8794bbf31eb717ec80215e,86.0
d77495f5ee973c882fee45fc5fbf77a5,86.0
ed16002d61ab48e7be43bf10d83289ca,85.0
5b983c86853d7bdcda87f632cf686d51,84.0
878af519319d33d46f2d0150dfb1825e,84.0
e9606ca05bb9183bd86f3c8de48d3b43,82.0
32dd95330aad9b6d0376f7ccfbe09df3,81.0
e4b8e17d0dbcb08f2ef6d45d4e291493,81.0
3761a26aef7e143cb2cdc05188589703,81.0
e64d870f57288ad0e8bd4da2d353bf90,81.0
95f85b31b6d22bec1f34814fa2b4c100,80.0
40b5e61feb3e2ee3b6b3ab77797e14b0,79.0
dcfc57e02b7eaa0aeae68f16820667b2,79.0
9573048385e645adcb068938226eed51,78.0
5e41a34414d1dc7d2b00b513b62e19d5,78.0
ce6b49bab0851644749e892e745d50db,77.0
f2a5a628d4de942c782a6a397b71a58c,77.0
e39027f469a662f3bd97426c85cbdc2a,76.0
77bcdf88d2c3bc69b5ebe95e71a26d0f,76.0
0a1f6c0f54375fb8806b041c38cd9d9b,75.0
f12106963444363c13bdcb276d1c8e5c,75.0
a596661d012c24044a607bcb4c023bfd,75.0
5896131fde525781f96eb1bdbf5dfd41,75.0
429fae1ed51db48c753a817da6c188f7,75.0
45e4364ffb37868633b53e176d598b5e,75.0
a0c0e592b9b8be7355953c029ad90e0a,74.0
184e89393065f2e0bc91adb6ec9d4020,73.0
7b367331843e04dda2f063188fc56abb,72.0
57d0e86eccd4fed960b363cfa486a7db,72.0
013585c3016ad6ecb49fff813d12a080,71.0
92f28f07b03af23770013fe8e8991cca,71.0
6ce7bf565538e6aaa6215f85326259e6,71.0
4751d14ceac1b40af3164091d4befef0,70.0
16f7025da55b4b11a9ead1baab957c9d,70.0
2fdec6b822d9f9d335506404d87f57ce,70.0
9677575293f026cff1a9aa605a87e3dd,70.0
d6926b9a80c0cad15d1577390ca5fa1f,70.0
eaf8808414bf5ffc25f45a2511756540,70.0
4648ace2290846304c93a7e7da9ff9d7,69.0
6468025a4c7da41ccb891c2925c79b75,68.0
571de3f920f48766e52ddc5f621e30f2,68.0
d40d9c77f1b6732a662036bc63e59005,68.0
9745f842115b07c7c95f4f1a6ee1d515,68.0
36d7b8858f827f262648ada3d61ca404,68.0
1937d69977c4574267a6c171958add45,67.0
2f56b45079173966551ddffe43501d5d,67.0
26ab724cf7c9a7f7a3a633ccdb6b6cb1,67.0
402ee1e9d575f78d3677a5d72cce5eb7,66.0
da4f3f1cefa086605ef5fa717235ca43,66.0
8b61d2481ea4f91ce57fee2cb1ff46dc,65.0
ded89502cc2f5fb2bd1cd2fee3ba8f01,65.0
0315e6f7a3f7c331bc0cec65134f53c8,64.0
9e9996419b06e0c3fc1f1c40c1a1d99a,64.0
6f9f2039413b49af4963fee8dbebdcf3,64.0
cd5442cc61343511b0de79526804825d,64.0
909a70a86753f6931a4d8d322994cd65,63.0
04b5f628945c80ce624d2926e0582c98,62.0
303702cb763da6fa54f674f06c52e607,62.0
6079a82735175e49e9229a37d931d9a1,61.0
cf2cfcadddf976657338748e84a81460,61.0
469da4d585c22d67a6ac0b392a1b9586,61.0
4bd13e5639f763d0502aefb190692e17,61.0
a4a47a63581d68ad898f37053a84c4f6,61.0
2f74d0ac42d4b8a08c2d1b76e78d108c,60.0
eb20c1f9b35d2eee534963a5e95f4d1e,59.0
f309673a3d9344e3709d1bbb7194a654,59.0
2a18c36a673194fff919cc5a2d8de02f,59.0
4e3634ac52ee8a8d08b55eaa91a03b78,58.0
4fac6a59b1c257196a56ab66b1f2b79a,58.0
a5cbc16274023938dd533ee314a0aee6,58.0
b219a3f04e0c70d8fcce1c32e452927b,58.0
0a8643c6fa6a3116af8d26ddb615be4c,57.0
7158b5b009219b1fc3e89f0faeedd765,57.0
1ba90bc43cc6ea1c4cea611dc96a37ee,57.0
c86139f5a29d84d8f778be835aaa3bdd,57.0
95b0a3b5868eaf78394b75154ceb23ff,57.0
d319b913300cb34786867d6ce162f109,56.0
58bff7fe799e21d15a0d2891a44e60d2,56.0
aae908142a889a2e412a557dcca7df69,56.0
1d67d13e40ed6df3ba48d17a149a198a,56.0
31a1e59e19573cb1bf50fb3c04f95c88,56.0
d0e376dd304c0eb829f983f7e8196122,55.0
d1837bd2164bfa2e4c69170efc4c2279,55.0
0095c7897ff979012e8a189f89237d17,55.0
b084a452de099225986327c2ebd3454b,55.0
a4e6adb98578041ec863b32b591a71f0,55.0
99f50e44e6857ce8018f1554a3dca09e,55.0
e61b07bb39afa500b7154c7b5b2730ae,55.0
66d0b2c3b50e8debf40eb0fc0dd559cc,55.0
c05c2b94f73421d84de0b539c31848be,54.0
2fbac0d46dcd79972b4b860868e8528e,54.0
0750b294fd211bf0b62949683aa81a37,54.0
c31f7f6bc13ae782daf917e5f7c30190,54.0
647834ce43585a045527cd75fdedcb71,54.0
21f633e4011015810024534352ba4290,54.0
47dc56fdba4dc5de3208a99337000601,53.0
cf400229268468ae928415e072520baf,53.0
32b1cedd3bdabdbd0ff5537610bfde03,53.0
c7ca39fd6b3828a2793bd6b40417c18b,53.0
1630a900d1b09858ba9c891c3655fd1d,53.0
43a82022093106139e5e81f88ce5a975,52.0
735688f33a290d7357a363b91fb11648,52.0
1e3c8995d94b69cd579f4a4faf9c9866,52.0
8a967754765026e477653bc7a0cb1b54,52.0
3ca3a86dad4ae9f2104ed9b3531a0271,52.0
e9e830e5f1764b5103bc1dbc35eb567e,51.0
3a838a673b5edfe40deab86ea4958967,51.0
a41c121200a87e7f0fbc9d7447c01fdd,51.0
a65d87094657f16e60c386c412001521,50.0
abb8cb28628ba07894f861ff0ee50d9a,50.0
a10971aa47eabc6dc40c417a24922c80,50.0
57128fd111428db15b4ec577fbef0c05,50.0
2efd8ac9d8e0482e5bad4f29a4bcdc61,50.0
ff210967ebd9d801c673d9ce599cd94d,50.0
0cb5f6fb2c71d001b39120ff9a9167dc,50.0
0e699727f10ebe44242861c8013d3e5b,49.0
b1fc8f92c441f8372b52ce2cb6b9db4e,49.0
7c64d5a7549d568c258e1a26a3cc0aa5,49.0
935f3e64decfadb580878bb77719a1e7,49.0
5224eebaf141efa02a382cd2c2b6e961,49.0
45e4be8e16753ffd4bb4872bf6a35f37,49.0
5c544006a016d76e2414ed00b4585ae5,49.0
808373fcfaf9338d0b0041549f2ad5d7,48.0
6aaa0a3e389a330ab0dc9f688e2493dc,48.0
a36c479f2f769c117114a6802a72fc3a,48.0
0a37c434621592b8f94f889abeb2eab7,48.0
9b6a91720da8e207ed5993ca8e667bd4,48.0
536efae70363bda08a6b87d97643507e,47.0
ec8c9f62bc1e19e8789739af924c49c0,47.0
5278ac6afb6cb608fa3db0c8b16b91f3,47.0
748853bf9cd992858aa55b715ad7aa8f,47.0
eb235070091027b175eab556f4a5a8c2,46.0
e39503e983949111d75d4608994a3f87,46.0
f253a174317ecf31cfbfb9685e204e3e,46.0
42c4052d8b6bd2bb9177f4681045355a,46.0
e4e8962b9fe62868270bb1c8b0429891,46.0
a74a603c1e3cd8073822c0aa295a81d3,46.0
02625bdda0d8187ee701dbd333a7b850,45.0
c2a3d208e0dccb5b2065003173fffad5,45.0
34b80770a246dd03292ef309d1fb719b,45.0
e065724da228309dc4d84627694d476f,45.0
f4cf40ae85388dc2132e21016fc061cf,45.0
fb0b8dccc6b3beaaf374321c4b3c7f3c,45.0
c8a31d64ac16e0ed2114d7df4f35dbc6,44.0
7f166a7c4f329b96a13e9598728f17b3,44.0
5e1d56ac4b58f22803bfa72dc4358533,44.0
2e9ecec3d8ec8b9297ec475a43ea4ed4,44.0
0d48d45a024e102ce730afacf4828039,44.0
6e37853b87613b1b8a44f0780ca7529d,44.0
d41abca200bb1db23ee6ac9b73f59a02,44.0
5ebc977b8c1d8f6164540ef86539ce6d,44.0
7f55f6fcd3f33e97c72c92c9c200ba51,44.0
8e3f0eadec8b2738a1e0b3c2d4720758,43.0
e267c4905de5e9313af8715ff777e992,43.0
49e1da1f8fe5ee75a378603ba17bf2ab,43.0
1c9771d547b0055f8352a1304ebf672b,43.0
7bf5c23904cd8b86fba21f13b898b734,43.0
c8cf584552b77e8e4f1a00423c811d85,43.0
4a1ec98cc7ff0ef48101703547317344,42.0
3b09820198bf29ad027c3a9d2811b60e,42.0
ef559f4ca230f775f7b8e4b440a63e4d,42.0
3cc080fece57810962ddf50a262ed7de,42.0
b526eae2d8a908efa6ac93bdf7c71ee9,42.0
293c25618e101428ce848acfb9ad9418,42.0
594ccf121c767457fb47533d9f2cdac9,42.0
7cf1e64739f2811da25f5e4147affe80,41.0
ba3cbde5d9dfb5a818dd4dc17df42d3d,41.0
ef9d3f87c1452d64d536e7a939a48325,41.0
55b10949c2c54e366e5d319c2603b345,41.0
643f22dd504af4765d46e5b0720ea497,41.0
34f6bb0d304a0fb1c96a12c8e50db005,41.0
8cd325fcb36b79aae77682bebc8ef342,40.0
66aa32b8d29f2c0b7b8ce58a3338e21a,40.0
c5be89d9fb12904c3de522cb86c94366,40.0
fffe1368f0c97c114efa69c378f4284d,40.0
34ed17abe36936bec12c1c41fd07fdd5,40.0
362cc06990c9c3ba27c839d8e25505ea,40.0
55cb15ca2ea8364ee05cab63352be120,40.0
ccab6c76bcb6edc5c5cee7b9f30a662f,40.0
34da5e0f4dfccc93a0948faa5023c24c,40.0
e2881cdadccfb06565537092fbbc95f5,39.0
d0898da6a9246aa427a635c0b4140f87,39.0
8b9dd7ce78d4aa85ddd3a865524239af,39.0
89cbe3f98539204c68b71e11ace57670,39.0
fb90f61b27e233c4e430ab46c824806c,39.0
c62120569cd6d21f95b772946a040d6e,39.0
f628da4735af4ffbb5c1355dae66ac13,39.0
d2db49ce71732ae4c93d142bd94962f9,39.0
1bfa7908d25b2cf223fb670153708156,39.0
6d1e32196bd4ff3d519a3c6ecd55773b,39.0
339d6586e8f60cb4e69f494c5c6263ad,38.0
30a7e9e8289a08555822d5c8b3e3ab1b,38.0
8e849f4266eb89b1b0fd98a0540bf9af,38.0
2e0574d6da02e21ae453d147927e978c,38.0
7af4844be51a5370c308d992810cc5b5,38.0
75f6196ce7750b72d0bf6316e7e2a275,38.0
5b6eb4bbd65b0b381513355efb3a984f,38.0
50c94f09145960b1bfb23aca6ee1d2a1,38.0
4c3fd8647243fc77ace0214b92717206,38.0
780707d08530776b87de084e77596f24,37.0
870849f1ce5be6a1f6f60cd1b1c24142,37.0
f5e76012a5992b7fb873b10857d0723b,37.0
dc8492373bf929cecac41961d2352cb9,37.0
468a55e6e32803c8ad5fea2b16c454b1,37.0
af5bdffcddda5c77f4b5931384ecc5a4,37.0
dc2864f023844515cb7526f7e0670980,36.0
99fa718995b3129c258bd12bdabb4bec,36.0
0f016d9b0795ac3f710ec5d15c8e2feb,36.0
2227b07e32e5feb3afed7a0b49f2bf11,36.0
3697bb89a910b023b8e4c35bb078c143,36.0
2850152e9029b6d465c566c0b9439c47,36.0
ed57fbe7c6e890742efe8bc08f0d07ce,36.0
f01b9ada58d58b20ceabfcc5db693892,36.0
1cbccda71103b5466ca37d08e9fccd31,36.0
706d66ebbf49815672e7af1edf3a0ab3,36.0
d38a811360b907b976c54532217cf00f,36.0
3e1f3b451c6114611f81384132971100,35.0
c23e336a42eee029f0139bedaf0752ea,35.0
a6ef74c3992290ae20126060d886cf2f,35.0
acda4b28c133e28aeef7b22ca45344e2,35.0
70a7c6f9589faa132d3039b7d72b0b09,35.0
b53d5552b8c073e33cd47cc96576d58f,35.0
e3345a2bb6326dbb61e837d6b4e46db9,35.0
8f6f6c36fbcf036aa3bee43ad6b3711e,35.0
70e1a8713a685cc543902763edcd58b1,35.0
1e84d7e01a0c760e53e6176f37fe8c5d,35.0
dc2fe93f078d11e1e8811cdd9d46e926,35.0
b5713239eb22b7c8a1c80e7f4a51fe60,35.0
2af0867af9c7fe84e71bae899effb3b3,35.0
611d1e5a084ae527968cb915e43a4364,35.0
8dc698a1132b8166c34797d82cfc7407,34.0
44947af8064a8d9b4f68d01975f7a609,34.0
7c20eab9de2880d8cc6895a591a2a368,34.0
9398048b17ca5724aff8938053000ea1,34.0
550a07f843c5e552d49053dedfed9f70,34.0
95ac89eaea18a43900e94598cbc89c76,34.0
4e8cf7363259562da1671032f5850035,34.0
1d01cb0d1f118bca48f900572a1a9c90,34.0
8d36885e8195cecdf6a88ed1d6e86243,34.0
44e5a1a46a66ad547c67a8e1ac831b9c,34.0
8397b2808b10a73da857fab5bd201351,34.0
46e33432f808a2db94ee58b642108e95,34.0
57789c33f3a65257674da76689d0a4f8,34.0
c825d04bd6af31be7ed3193f0ebea8a8,33.0
fa04cf079cb88884a1a2e57428f376cb,33.0
78bc11aea5febbd17c287bc9efe37452,33.0
b0ade70c899fcd2490dd7e4584a2f0e4,33.0
c60c9938a4fc17a78d30178095287158,33.0
09cade2941f1ecffda558087bb91449a,33.0
a79f1a5100b4c2782fc0b0f539047c26,33.0
113b3757f4f36b6695e6fa28661efb49,33.0
ad8cee2a4e9ee3fde7c7bbed0a3959f2,33.0
bad29d66c226d1a22cfa85d3ce66a590,32.0
f5f568ab782712a6347af160226446c6,32.0
23c96149c94681320ee881e1a6b4093b,32.0
a256a1758a4ea394f7424a61285efe3d,32.0
3675957a5411fee05d31c151633d22ed,32.0
56de5b9329b920bad4b3b02c773919c4,32.0
efb42eeec38477328c8d0047db95aeaa,32.0
2ed2ea1c7134c02475acd9f392ee2c52,32.0
d768b66dd152f15727be65d33bb9ca5e,32.0
b9dcb4427c7b56685a01fa5e3c6c3de7,32.0
3fede05d7bb19cd5ca74f88f28082fcc,32.0
b2eb883b04717591275b6004e44b2b4e,32.0
b43c3f75d8766ae342e47c819e95f638,32.0
be14f09dcff86919291edbfd400ebd57,32.0
2bb01efb32d55941cae186a5b6bfe347,31.0
6bb4eb73aee1a2693a595be111d2a28b,31.0
02c5cdc2e870bb3f79ee8c5eaf2b4d09,30.0
bd00acd8baf4333467b35cc50b24d033,30.0
464692fadbd6a8f8074936b2acf6e500,30.0
40a928ee6ebcad2befa3319f49e38b51,30.0
3338828a72acac864e00bccc009946eb,30.0
c7f021457ff3c14fb1c2df833c60079b,30.0
7cfa56287d6fb823d2fd8039bdfd253c,30.0
caee5146b2444b3aae59711847e9f44a,30.0
997ece6e2aae9d1c7ec70b4618d6232f,30.0
6c5b0e92752ccb2ccbf0fc0640e5e815,29.0
d2d77018bb0aecbd86a2df569df4d1e2,29.0
f5cfb950631a0fc8c1d8f4931f15e2bb,29.0
6b814bb321aeca5e04aca9266117d687,29.0
ae0c9b60c665c520ca0d4cbf4135cd4e,29.0
3e3a4f6548099a98ee04b1dc79c917df,29.0
9f9e51690a20b100f29726c5db608f79,29.0
386aca31797b9354d4309abb0c25b508,29.0
b16285acb6987da3be736ef1112240a1,29.0
8c7f1c98cf3ebbf6a84f640b467d999b,29.0
4dee3cd194bdc2c202e695b695fcedd7,29.0
1bc4230cb79eac2099b51c52fd0db9a1,29.0
f95a2aa27164386dbdf6a8383c731e39,29.0
e2de1db25225ad5deaab402355538a5e,29.0
cea1b3be700a7c1ab50d459aad39b5f9,29.0
eb89380c14319317a6afa90113d9a2ba,29.0
ea562229eb388f0e3fb6b00aa2aa96f1,29.0
7f0470207ed87f755bb6675849cf8486,29.0
830fc971dc2fe4c97ba50483d6ec374f,29.0
09ee901da59472c025a3717c159a7ebe,29.0
199c42dbf42419960069bae0b32a8fbc,28.0
6554f0fd13ffcb278267385b569ee655,28.0
7933abe91fc64fd040102db8f6be750c,28.0
8ffebb5bb91c5a1172b3bd6fcb5d037a,28.0
91d5ab0f5eee7c9336abcc6bb0b9c4f0,28.0
57d7931540d74e9617de314b1707033b,28.0
fd2c4c79de177035799741254afd814b,28.0
029f38558c12daad433d88f336cb26b5,28.0
70cb3ff933a6635428428e1092ed2522,28.0
79fc14d31c6a0705da71f1e6434b42a8,28.0
f1323ea921d8b13b0eae20ce1028ae2e,28.0
9e86e58934187bba7a99a3e887346c0d,28.0
0dc1d56b993aa68211b063512a351602,28.0
fbeb4836758e73beda5d0cdec14cef4f,28.0
bbc43eb474aaffed5b0c88c925ed72f7,27.0
22260fc2a9d94d15f0bb559aaa4ed993,27.0
e83a76f08c138356547feff3cac7a69b,27.0
d9994d029023be641b8429b0f94e758a,27.0
1e2d79efbe1ec44b1c3fc1629138a949,27.0
29b4cdd222c7ade1d5a26644d94ff33a,27.0
e4fc4054b1dc9b72ed00e6c9f32258db,27.0
7a5c60c3e3ad44fe74ec48259de8e030,27.0
fd5c732c79ff61262c7555ee3ba719d3,27.0
37fa69cb8b5a1d27dc29748fbb3c9139,27.0
f7fe979c1f5f1aab38cd9e9caafc0837,27.0
e3deecc9dcccf2221ef418bb090f1605,27.0
7cef72d92700d1fad07c8f130c5d020c,27.0
b4761d44863f9d2d4c3259793f9eaff1,27.0
a974b957dbdc88f4f12849a4e171309b,26.0
f77f18f0a3864d8fa785b975c6fbf589,26.0
882c112bc414527e32975e05af2ae49e,26.0
490de838a2f5b3ff5350815e7a78cf43,26.0
46ebd9196988eb3cf33ca7cc22ecc8fc,26.0
730af11adac28b7d529b7953781252e9,26.0
f0ce056f1489f1a104840c70140c1ed1,26.0
5fbd225efb9ef694f14a64bfe4226beb,26.0
940a3cb004fbdc9692b463aa5fbc62a6,26.0
9e8bd0cd8c16b5b83c5281f267f2b1e4,26.0
2fed71fe09b6341fc0a24f7b5e2f4740,26.0
6cfc409757fb03de2c62256c4ed0c5a8,26.0
40ca56a60dbc4716a0afe7461eee957b,26.0
9b7f2e2969ed13cd86a8ccfd39f4c0ee,26.0
5a767806fcdc0b1a0b22e6a8372c1d9b,26.0
bb06a26a66a89b4f6e754a234c53f1db,26.0
21ed96b7c0f4c38d7ab1b060166cce4c,26.0
e56ebc69f5202d7e1cdf5cb6fd208830,25.0
fc37395872b6d6aa29e11b0d027767d1,25.0
0887bcf6355d1a3712d372401c0bc5e2,25.0
c2f902b9193bd1b2206c92e65d3af2f9,25.0
1bf2a0c63d52b483c1bc9c53ecd59871,25.0
19720da8750fe6ecbdfea8689cd78dcb,25.0
4efb8e97fe99837d12449a2c5e72122f,25.0
9b6374aace5983d3d4584ff9f9a9212b,25.0
a34067bb8190da73348fa188d31bf1f4,25.0
e27e4200fc142b5936a204da7184bf49,25.0
f8148b963aab5bcd67789161a4175fce,25.0
965e2695c942764bc02c1a72b1b6d4b9,25.0
795025aa1efce2dcffa053f6339ed7e8,25.0
cd6e3c76e645ac30767574d5cb5c7f87,25.0
20fb39039e7a3d6700fb53dfb5a464b7,25.0
2721c5bca918e68e6159e09948558672,25.0
5da20b4d90355cf3a74d0dc114528682,25.0
ea62773c5d641a6518c70c1d70300e85,24.0
bd2427af1559a8cd3a6839d86776dd55,24.0
de315ecdba7aca7a46c55d965f2f38e0,24.0
1adfe0c883c8644bae0ed079ecfb9250,24.0
47d763ba7dd684bb21ddba344b02dc40,24.0
b8bdfd8f5a5104ef52912de6d774f8d4,24.0
6802df279c97ae00fe5af2ecfc54054c,24.0
68cc6c180cb721f3da018b5b4e640a64,24.0
62dde5be965f02855822c7099f1b6aa2,24.0
aa4e55ced2879c134198980e4488cd04,24.0
dd4cb523de631c187d35da353221661a,23.0
eaad19131b89318d39d5aa2c46235991,23.0
85e6765969ed3cad6c0e2569237cb418,23.0
e5a4d7d85eb42e1ab7e451e9df8adf6d,23.0
079184cfff4e43b6d9c34494516e5f34,23.0
4f52ef70709f6baf6ff9e9409f25d251,23.0
9f290fac41580c12a7abb0d69ad9a655,23.0
643b3eedd34b46172ff8cfc507c14f88,23.0
28f4938b373c3721a67bd2fb7ce9028f,23.0
db5087b937bce9b40aa07fe19e9d987a,23.0
320fbd803e91cfb0c88188086f8f07e4,23.0
05fc1e945c05c46c7578c703096f35b2,23.0
36e2980b83869721aa0ea6883ff91a3e,23.0
dd704becee9e635ed4b6e148520dd3a9,23.0
2a989b751b453798a1f2458fc22434fe,23.0
13185d37532b8c2a59a82f3e439ac8bb,23.0
e70b701beacefe3d96b86ab296c9791c,23.0
c871c1d62ef0d097c32bfe83d666f613,23.0
3ae5dd93bc7e90df75b71f279c6229d2,23.0
853ec327f9741a736a7bbd5d891c6ecd,23.0
28abccf9c4a6819b5164e884a0283269,23.0
1f039ad557a5f14538c140746431d22f,23.0
3f15af6708eecc4395df07b2af778939,22.0
bfb70a0414bb8c680938cb7fc811c27f,22.0
c29dac9d2eee4f753e9fb45f2fcc6965,22.0
0f5a0ef569ef0a788ad98df850cbb246,22.0
431265ca683e0bb16ca3de80ba6e12c2,22.0
2e375a45c87660b3ba87a049708443cc,22.0
a75ac5156001b91ca9edc9426f39fd2c,22.0
29de8b28551258d8b553ab3223790ba0,22.0
de2001e75fe8fbf7ce7ec71eb3f8e006,22.0
0b9ff0db755371dc1a553675460d1e7f,22.0
c488a7e530ebc6af080ae90689760fe3,22.0
2b22e899887558f3efe133f312c42d08,22.0
6ceaf59a354d5d70e5d991dd3bd5b473,22.0
e78d26880b250e90d456461d3248666f,22.0
88c9ac17b2e1cacbe1ce3a90fe118fa7,22.0
2853e546e61f6a1d28927e7243155ad4,22.0
04317143aa3348cc6faba65eb02d5e93,22.0
29700f6bc178244444e34896d77d02f3,22.0
6dc15c91929788a23ba74e967f4ae186,22.0
5e5d62ff0060be124a8d39221f492e6a,22.0
c68bb66d373f22cb97b7f3163ca36ca7,22.0
7bfa5efc695893cd398091c1878be528,22.0
3713227d2c1eca7d284d418c87b2624c,22.0
0006edaf32a13056b89b015df9cb42dd,22.0
777331fa36e83511928b036186f25c22,21.0
472c6d06e16528be67acfc53e39215a3,21.0
368f67c7fd87825d8a536ab89ac39530,21.0
bbbf0a6d7321a56418fce0ba4509e4b1,21.0
c35848fbcb4b1dd096def4483e4fb889,21.0
b828ef0764253a2401061aee01226c2a,21.0
808e2d0edf4e0d7eee3261d687cae0cd,21.0
be511890e749c2809933023d6537f487,21.0
cbbd011433b56517314dd029762af40a,21.0
3a60e899f3979eabd5007d7ef181a0d4,21.0
8a102218dce16263b0d0ef18ffd527bb,21.0
0d2032be6f89770b0f8f0ff12c45dcbb,21.0
15401b981e90ca529ae76f9c0f4bda4a,21.0
d9f7c97edcf69a6ade87cc8e2807cec6,21.0
333739dd8ce02734d9c12038aa2890b1,21.0
81c4ba408562f809ec86eea93ec4b27a,21.0
c1be23f3590845807fc93f6004e095e5,21.0
c000884a569f4c85aee158080951afc5,21.0
a1d5a870b2c85d6d6369ba1c7e805d5c,21.0
fd5c78994a565d90a1e213dce8aea9b5,21.0
5861de00ae7fcc5b5ad042cea5c22655,21.0
417229ca3c06299bcb368222b6e12334,21.0
47db8912a5b600c9c2ecfb47ac4ee9a1,21.0
367d8def6ccf0bc6464374ae7778230e,21.0
521e775df6f56dee8723ec6286dc8f27,20.0
50ca45692da43f29c12b6631c4de9a12,20.0
e753b55712dff134f396d7467e0e7f66,20.0
8a94ee89524c292e1aac1f5b2382dc6f,20.0
2b1f4f3433bfaf5e6088200e07bad206,20.0
a0af896969eb97000624ac09333cf98c,20.0
57bee73f04bcf44234c85f72cc86944a,20.0
125358a86cc2e5136055d5376d193488,20.0
45c5e41dbe131547606292da8c303ce8,20.0
5913cb8c8df6c73722bb3baa1cf48d7f,20.0
26b76e03def0fa8915ce9ab98902202f,20.0
66f15df2abc707d5d5fa3fbaf32facf5,20.0
425bce5cd053e88ab6a4db6b7758e1d3,20.0
e336fa16d75b13d2bad6b1d383e472ac,20.0
d1fd39cb1fbc98ff939974f7da4e0231,20.0
b73096ada761a1c5cd3bb7d7aabae2cb,20.0
7925f7d329c939098b7ccc63212682c6,20.0
4767051bb6a02b60e9829f0d9df46716,20.0
996b8c93a5184a88d3ec0d3965fe31b2,20.0
20314dc39360dcb8d8cce3d69cb43062,20.0
3a51360d9283ba62bef12229ba447c63,20.0
1641a027296bde7fcc261f2e0be63c72,20.0
4987189e46ad46e93054a098eb5f74fb,20.0
ec011406b07605f8e58ca844d93fc2bc,20.0
913208db87dc5e9b7f4cc7c4b6a1743c,19.0
fed5f78a67850fc232fb2e4963cf97f4,19.0
0b3c1c4103123872773f5cad5b504d35,19.0
ee8f3687270eb78eb1fb6a82c8164373,19.0
afb6e16cd42c800b4954ab35b5feb7ff,19.0
2fe6627beef14dac525bc531d74f3463,19.0
10e84169052959d23f54c1dcd9093cea,19.0
8c0e1fdd738aa73088440f7c6fce6519,19.0
976484864a008cf6a164fc6f6cd6f7a5,19.0
38cc021623e74f9a21248af5058191e1,19.0
c7f727ec24e7d77af7559b458ef7b212,19.0
e037d0de56ea8e36bc0c47267c0b05a1,19.0
9629bf45483fbed83a6e048412c747e6,19.0
2db69c1b94e2cb1c8a7fc00f76177592,19.0
e4beafd693870ba5f45f70890f41f456,19.0
b553056231271d1263fdde2183462c69,19.0
5bb74264e1d82993df2f6dc5704f84ab,19.0
7f913ab38219d5de3a313aee66e4f20a,19.0
fdbf263025da00c179ed6927e7c760b6,19.0
144c91465c069f1702ea953ace8f90a0,19.0
4bb64227948997124181d1f6b394478d,18.0
dc490a5d1523b9a32dccd075136d8ab1,18.0
2dcce6012bdc7a9cb15900ee79beb2ed,18.0
32eee061f110335d64c7d322f12689f7,18.0
ac690f8807afe9c47191b72f66ae4c1d,18.0
c8f585776119ca0543592c2ee94299e6,18.0
82b00dc653baccfe6727543bf3ad64e4,18.0
65278082d3ea3aee155b0e0c1045e789,18.0
6aae0e15833d1c9e5eb9e1bdbcbfc5f9,18.0
b4afe46d5edc2f50d9241250dd416952,18.0
7472c729531acadc6ccbdce4c28599af,18.0
903492a1902c88f5ce0b95f48587ab40,18.0
2252ba7db6996c65d1fa38be3050542a,18.0
7bb0f19b11eaee7e92f777ef8450d113,18.0
34cd6371dd9176a3ce45bfb92e1c7a83,18.0
44deaca44eeb1f8ff9575e1723c03abd,18.0
2ab78a2f5a573551818fb68437de33a2,18.0
aa41f98f2bf5cb7d0164d834a18c43cf,18.0
54a243c503be9036f551747317701c8d,18.0
ac422688b312a4c90b4f040c33da31b4,18.0
c9039bb1f518e349c5f4026720f127fa,17.0
eca70148b76b359c1623a7c1fdbdce6d,17.0
e077f7faf48e5aad47b13af6835db552,17.0
16bc67b438071d262183774d15234bed,17.0
7c879cc6ca302938399bbee19651d5a3,17.0
9183ddb00d5264595f7f20eb485743a0,17.0
bdff60ff6845a1d2517dfa24fbc44e41,17.0
36ddb345a9a56bbf267ed818c4aeff3c,17.0
dff2823dcbcafdd20c45a17e0b858036,17.0
00bdcfc2a244073e026fe070ba80f81c,17.0
16698a322e202ba3498ab2e5b41389fa,17.0
a9f18b74758dc2d7e77c84010424ae2b,17.0
2109beb4dc6fec4867625b523c92daba,17.0
d4fa6332fcf19768ba195c97e5dc308b,17.0
d866c166e935302c089602fad13adbb8,17.0
6ffffa7e0606e176427d0ab3f213ff3b,17.0
06446ff7c67e129df5ac1023d2769c26,17.0
c304c0c4ae1c60dfeb80b33226af1312,17.0
ee0d40b719fbc60c450d4710b50da125,17.0
ff39c363dbd39e2739488c4872548a3e,17.0
4e4cac03411473efa9b18ba226a196bb,17.0
67315c5d13b682bd3b031ddbed42260e,17.0
d201ef05844489782f0eebffc3f14194,17.0
6fb34e14dde4d7b6ccd5eae63350d4a8,17.0
239372fd5b240f00ac2a94e8d66b6ae0,17.0
33c5bf6d43c2e9d2c944840cc7bef7d9,17.0
3dbaf57a633311d6acd065b197e6fd83,16.0
8c0d3aef2de77c8206d50bd669be7ac2,16.0
69bb196b73fcee805a4900a508d97358,16.0
365a7b7af088d70f6ff4dd98fc02c4ea,16.0
8d020cd1f4a4ee0d3620e234b0e9ab4b,16.0
25c493f83be214f230577038ae2122e6,16.0
36879acf0c0ba9910917e2ea1d76a95c,16.0
d8ffb44ef64f7589f69f8ade1a4f79d8,16.0
8a6483803b6588a50f64490897b0c656,16.0
a9c6e93f1816db367973d57fe0f837db,16.0
fd5566929f29d2bfeac4dfdf532e6baf,16.0
e51af23b567b80d4b5d6bece1b6c3c19,16.0
ca09809c790752c046ce5349e9b41168,16.0
c7e34fe205d2be967ae909136d769ba0,16.0
96a58349949be9cb947dd998ca328421,16.0
ba9d68c4b6ba78fbed6b0283e53aea21,16.0
2c454c6ffd0ff06777192e8186163927,16.0
ab64438790b02efef4983aaf5449b5f4,16.0
62d0f317e6f34f39d626e020d24f2543,16.0
9c52587208449196032dd3b5417a0726,16.0
91f3eeb34adf682664f0cce4e9d23e8d,16.0
a89f35f33e0701762cec03a283f8d0a7,16.0
402ba6048758ef501a7ef36c39198979,16.0
9f3210ebf8717419b1940aee0df0485a,15.0
8b5ef4cd7f073937d12c53bbea68786d,15.0
6e52fd7ac37086ae94423f9907264545,15.0
5e0506c297f491f57e5443aa4a0eb564,15.0
7c165fe0e21b3ede14a5ddfb296474cf,15.0
8fce3441a64f23cd89d6b460d2785b65,15.0
12fb6da6aba050893c846139e4dd22c3,15.0
107b94fc610c610ece6b98ca3af48719,15.0
44b4e8e4ae487f13ece2ef97ba3e63eb,15.0
0760b09e3a3720666a9220d105f8ccba,15.0
ba41aa437ffad8d1792c6b67402e7a85,15.0
c2f3bdb42e59a6dad19f0cc4dd1a7b50,15.0
3a8ab574a88dd041611c2eec26c41e81,15.0
78fd45cd6f5f7cd5a183b36ba594601a,15.0
2540694b2795cb95d3bbe26a9327fe4c,15.0
f93be6fe2bab177da099c8b063f95fdf,15.0
c23477eb4cf2edfc9f76a17498364c56,15.0
c03059136b8628c5a4cc3c4ccfd52dd7,15.0
b42a449061377d4a7e90853b36948406,15.0
e0df211de79871828f6f766d800f1b96,15.0
131d94037db4a4729e56046d0d272f84,15.0
f9359fc2ad46b1fece45e1d7e2389f52,15.0
67a1537cdef7dcd976f415b6859b89d3,14.0
17009ed22d456ffd6d8aae189630b869,14.0
2dafec629d0ad140475f9c7cb9d72b0e,14.0
499c26dbde4691c9dd12aa4400bce7be,14.0
d2da8298293acc216507700bc4d45c84,14.0
10eca1eb6133830bacef2284f5ec75ef,14.0
71826ff1fc1c26e2bdac7ff63f523c91,14.0
bf5113932b46759a91ddcb7e49c3c741,14.0
6171e323b7b333b9cfc8dbbf71062a6e,14.0
4dacb2b1d88d9aeed64e103cc8ba42a1,14.0
46258c04a7d64f1efe79ef9ab40a02f0,14.0
fd34433c893c28ff8708eaaf45d68549,14.0
ca35d5629f786b77e5e3f4c41362a050,14.0
349a3fe9ea1dbb78b09bcb2ed7be9b9e,14.0
bf28197d109330bd8342800a0529964c,14.0
76757f698ae7be750c75e4041d980a23,14.0
f50611e8e390d4a997fd73e8437a764f,14.0
1e4e2b9b6a457574541eca2972eb4950,14.0
3044633dbe5fa147b63b001cf12c5d79,14.0
43fa8391ce2ecce6ed048e696cdb6fc9,14.0
b3f0bcd313d07723c20db7f50eb6bf47,14.0
4cb288686955fe52f81301d76f353c2c,14.0
ed8549ea1c026fc63204922ea6880bc2,14.0
2978f599514e9359b095bbfb835466ae,14.0
19fb998ad7209e3ea4fce3241e0b1432,14.0
42e79591de417d69fbdb6cdd8c3b0cd9,14.0
cd7503ac0db7e6cb67c6206ed6c30079,14.0
5956454c610149bc1410a141f76ef455,14.0
655e97040f9dace2824b4e78ef544ac6,13.0
5512b08a1f26007a61488a7c6fd5dba1,13.0
d157ee2eaf655a02c729c75959668604,13.0
66fff52e60328d56c3cc6952709d859e,13.0
60956ac6872ca3beb6d7bd9667d25143,13.0
b3c14768ee9bd3d0330d4d21b4fa5f50,13.0
d325bd66c68c6f8c29db9d96ac1991f2,13.0
11c3b66e17705f125f1a56435f352863,13.0
725816b58bba6d3bf7da741940d58718,13.0
5d73f7ed186663a5cda941bab2b1916f,13.0
5a10503c14bcf3c2300e036c19746f27,13.0
8adb5559e135233565acfea1287280bf,13.0
95ee839040d18494facc49290e1b7b9d,13.0
82ddd3489449854da082a88d0b1f60d0,13.0
60858d053d7c977beb42ff64bfa36569,13.0
3c2a20e4f3ddb023f5ebe6684e0d2177,13.0
3f1432380ae4454282de20744faf5f09,13.0
6e73720eb865a51020e3e0807515faf8,13.0
b0baa49a19215e4abad5c0ad6357d7c7,13.0
cf9faa25f88ac672445f195edb915734,13.0
e36427e327739dd482a9bb910b90c7da,13.0
6623c18a79da9fb0bc7ff52edbad4218,13.0
9e82f746ade8dc0ccccb3ba4f074b50b,13.0
f408989c97a3d9855671a131b14de9ee,13.0
ae68909c0981d7db74fb5811d84a3d9e,13.0
27319b9e4c94d4acd5e4f8db8a3ce18d,13.0
4d7a61de85cd485081685619ac070a98,13.0
079dab4fe10be720ae28172b9d528a07,13.0
3191915d8ea59f492e02cf63d3cdec8c,13.0
dc903e56fd4b051758f5e36237d5786e,13.0
1d7392f433af2b6981e78e7aead2eec6,13.0
b6873cc5ab5d3938f2ab984848a3cc49,12.0
ed9968f6b36166706e5309496bca8670,12.0
1d7387fe6505fd3a4d317095b2c51963,12.0
c568a2a7bbdb30e609eb37eb086198a3,12.0
bc8b814bef966511f11c5f66dba7ef8e,12.0
46b0c423e2fcc313cee8927925a34a0f,12.0
0030a7772f7cd958572afc5ee9cf0e8d,12.0
85dae744f281800def7fc362b6a17d6a,12.0
c799bb07a59b75419514a4b8f5e7b3d7,12.0
8a6fc647b08ad0bd386e38a3a405cca5,12.0
c0b2e2bad87f3c2676abdefb09d9ef10,12.0
d37b04fcdb95fb71462db556687b3ba4,12.0
753a8390195559d460871b2b07da1758,12.0
6588579ad904a313df280e5b01490ec7,12.0
4419f713758ffb4fcb8dd17477e9e8d2,12.0
c29dea12154c8f4feb0f88e1dcdde50d,12.0
caf9e9b769373793e59206d1e2a644e5,12.0
4704725cf9eb5ce6dba870b426db1fd5,12.0
a1d183b4341d0e5c7001038ef5967202,12.0
b6239aa5d9d96678015cdbd021df1fdd,12.0
ed75520b76f95bae741a1aecefe1779a,12.0
f845fc27916996bd4b0a3f57314f3fb5,12.0
c4f6062453480cdac514b10885bec546,12.0
a276cf1f2b98f29c2cadf8aaa7b066a0,12.0
1c65740d2d7d99692e9cf5437badabcc,12.0
47f10c593b7a7ed501f41316c8c12a75,12.0
251e9bec59a4734ed8baa7ab7fca5857,12.0
5c0cc81d5a4f73a14d9de9736bcc2aa2,12.0
3835146d9eae89ec583593abe400941b,12.0
805ba248975332b98ffc29e747002564,12.0
0674176f93302738cebded63a64b731e,12.0
5e4e71c5b78daebe50c7d6f338dacf96,12.0
3033a4dc6cf5015ea61485872e0f5d69,12.0
9daaeed8c240917d1b5912ee457852c5,12.0
a554f9ddb0b48a1bee99c0892e667bc8,12.0
3f59f073ac8a87ab75f5ade9b59c36fd,12.0
47f5fc98f6eaff242ae767d5319e56a0,12.0
b354a245a88c9d305bbd025e2e7c1c71,12.0
d0a565996fa291b77c232426ce7be942,11.0
ad752f310a6e3164bdaad203b9c0ed38,11.0
9e9bb7083bc0f655978c147ada4066ac,11.0
5d8456239b226a3a2bdc27556e48b805,11.0
b6f65e5840fc08dd3ad1bac6d4c72e05,11.0
42dc9e0fd17973e56d47271a811770aa,11.0
507d270cd65f8ff7756f46a0e2f96429,11.0
6effc8850eab0213f05d414db4cdd367,11.0
55c5f169a539c84dcb0436ae7a51e995,11.0
ce6d1ac758551224fe7e1875e75c0179,11.0
fe7858dc688bdddaf03642f191ffb911,11.0
f48560eb73e52267345d8ff3e31e1791,11.0
bf6fd6f2151586d8886595be29efe801,11.0
40ae18f46bde1a1b7e3bbfe5560d47ff,11.0
d598704f8dfdaba8a3ca9feb7f5f19a8,11.0
04a75f1199d1bc6b58d19dd8aeb24520,11.0
c1480640ce743ab2f873cd90f370652d,11.0
ebae8b5d104a84994cefd775af965d48,11.0
d331ecc3fedcc04c96606855dd478fa3,11.0
7e26f125e0b221c6d2ce1daf7a97ea71,11.0
a0090303fca3d695f76c940277bb61e4,11.0
575906a702e8076bcd449262c0015759,11.0
c9ecb070b7028f90c27fac2c6f0287fd,11.0
0db6015c112eb6b83f1e3f54fe7cc10f,11.0
723fd75a9293d54da5e7a5d45ea84bcf,11.0
2ea9b267c402d872be64e9415bbc6b87,11.0
a289e6b826c69f12cef5b7b77f609be3,11.0
27833d490da8db286aae453dbf50e8aa,11.0
980172d3ea29f24668f04ba7ad7b2597,11.0
2d97a747e17a1ef15ab02c2380ef251e,11.0
489abee6c4896c3f9edccf6ba0380d69,10.0
d069ee8dfc854f242512230076fa623e,10.0
49c4e73d98fc496d352000f068c4522e,10.0
232aced9fe93f2485eb03336e82db948,10.0
29f013c4e7fc79914d76ae83be2a0b8c,10.0
ccaa55626e977f2518aea581245b4801,10.0
31172c3c41339d959c89ce30b8a5330c,10.0
d3a73765dda766e966fd521d2ca5f368,10.0
cb872f452e54c33a41bcaf76606d8d42,10.0
7e269056f73440febf5e3902eb2d5b4c,10.0
981782483d71de80d7a57ebcfdb93823,10.0
6414928b3a062652d0c30af339299346,10.0
85c4d8f0a86372e6a06fadb7d2578b08,10.0
61055aacd0cef0420d0b046f6347fc0c,10.0
7e9223b328a6fd673214dab3749aa931,10.0
07df9660941cb99652ccf58d7a5ce6f0,10.0
1234f40482e486cc8518a068d5402d81,10.0
f7ad48595dc5ae5ac0653fefd312ff2c,10.0
96534b101270709572ed2e7292f1b76c,10.0
004c52d8f4a01bba8c7997309bb415e6,10.0
8a80eef6dba767bc55222bbfdc4b1dbd,10.0
68fadffe096f9c1a186278779abe1262,10.0
93a0ad94045481f3d1d46692f1414054,10.0
6bc78aa23b1353ad39e341644c232911,10.0
53936c529ed21c3f1daa033a7c91cf6d,10.0
2b94817c2c84a1549cb3b4cb6c1901b7,10.0
49582a9880f4631074de33ea7f6e1a00,10.0
fa5bbc96ce4da3df0dba207d265deffb,10.0
8cad136a54d80ba5c2c17fd83897a23b,10.0
f60e21c793fa76198ab7dd0725a59e9a,10.0
1f2149f525b8215af4d5c7cce121f2b4,10.0
3e461c5969a2235cbb7483b7d918921a,10.0
ceb3c2696d0d89337479bfc0b42b346c,10.0
b111a95a981e84e79f83384666cbfe26,10.0
8997facd823ede9dea14cf20ca5cf01f,9.0
5efdfb2c4f8705a287bece8113184a4f,9.0
f51371fb2c4265f83d9e20d30e149472,9.0
0bbf87852ed648b187c1335890284295,9.0
660e308e918a3db9e14258cb5b545158,9.0
b23649dedb8ca708a3a382c391be965c,9.0
53ec03a52acaf5daca6ec4fcf68071c2,9.0
17e637137952ac8d338105166b60d114,9.0
0f8ffcef7b9763a5b2b4236c1c925ac2,9.0
fda1e81b6bd420f0acc131ac7ecb6ea2,9.0
f35e82529d697d829afc4c4dd9a46164,9.0
783060716fd81ef5c27824b9959b2134,9.0
2c66e865b1665612d9ff0372a0f29ba4,9.0
5f9afed76d68aa76a53da4277a5a0003,9.0
e7d59af3ed2ec0b54a45055844208b7a,9.0
e366030b3318d2f549142e05b353f479,9.0
e92283339eae930f15ce6955c6b6bd1a,9.0
60920eb22763a23c2169bd0712fbf927,9.0
61c2ae6c1ea8ff91b08ae219ca4480d1,9.0
c0e19363af26cdb3a111df94444702ec,9.0
f824f853b85e8d4562907176f6633930,9.0
37202850e1b4c6d8cd7fea8f1c2ede81,9.0
2d7aa414d17457158a3a826bd434d63f,9.0
b75ee814b9730b5997228fc336f5b4e5,9.0
fc58e672d9f95c6f583b56506f79c2f5,9.0
bbe7a80046ba5212ad5d1842e71d332b,9.0
2dc00bc42d5d1cc2a0ea3b8d96243ed0,9.0
a5670b5b1117f8ed35058c1f919f6e97,9.0
1e3651896cd8f2ce1e2bd796424196a1,9.0
0e46680972fc58fd87630ca37fc5184d,9.0
1b2d624c48ad60f77ef47c76d71e0b0c,9.0
229f084b1e96e506bf8ff248e7b7b699,9.0
946192f73d52540e60a9c8015dc0ab6c,9.0
18b020adfda4c1771ee44794161ff193,9.0
1f5338624ad30df596d1a0d2e55aed2a,9.0
a66fe41f2fd65d61908b45cde5a36e71,8.0
a7e29ed4c395ff2feabba30cc3f4dc2d,8.0
66f029313e0eaeec572fe7881e4bfa3d,8.0
3386c07514bcdbcfa20bd22c8b6d5591,8.0
648f16fea43e00d6e18a380e2b866fb3,8.0
283cde953ffd57b4a49f80be4e70d665,8.0
4a8cbd4289458340c478f5d323fe155c,8.0
4a71ef08ea178dc79c2ef0b314c3f997,8.0
15722fb3ae28462c2d306653bcf9b671,8.0
eaf40d6205b9fec11bfd84bf09d4ff77,8.0
adfdbc7e8202a3186c66b4e2983521fb,8.0
6d45a0e1c53bfcd8b5285a7793ebbdae,8.0
f5f682d559c7a76fe77e9af2daf2ad4c,8.0
5235361e94d62bb2febf6e54a3336d9c,8.0
2c7c372b359601d74ad427cdf60c7423,8.0
41c315b241827e9d83bad9a4137af7a3,8.0
49d1768665f99d8ebc835d2e82778f58,8.0
b91ba519897b11d1621ce5ad4529794d,8.0
0c86743998f83f1cb5bfd3c2c2b8961e,8.0
feee2a5b65993587c6fd81a32c6ec831,8.0
52a54fbb7fee9f8c42a512eb1ef5b0fd,8.0
49a334a4d652f08c7c159c2d7d894615,8.0
7213f7039e323dbbbb58f197b116a0d0,8.0
e5515984f08b32cb71f8778c63b3413d,8.0
57d1761dbfbf24381eb11cb522c22eae,8.0
aeedb465a094d4934e5c357dc5d273e0,8.0
9b0dcdf855f825cda89191a3869ab7ff,8.0
b2a8324bcc2fd3e7be40be7603e8e290,8.0
4786b2216d4cd603a14fea24991dfbd4,8.0
8d98510a35ac31314071c9f3644d8f62,8.0
eb8ad0eb444c26ac8ecb8b0ea8e7212f,8.0
cd7a31b23aa59c9df6d752d369ee6ffa,8.0
def63916d80515effa70bf9f23e46df8,7.0
edd06c2ee25e180c384d41728779a4b0,7.0
967ac6c846d174fa15c22ea84fc4606a,7.0
fb0e5356c07de520823761ada1e08dbc,7.0
3006e493917aba81055ab08cdc920dac,7.0
90459969457037e672776cbd6a22ca62,7.0
dd93b7c2cfc81702ff108081df57f1e8,7.0
10a1b41cf210a03c9a3b1f0ceecf9ba8,7.0
2a977a9ab497c8b7c4008351942ca8e3,7.0
86681a78a912b075b6090d360c005f62,7.0
8e37e1e891effe82042902b49473783b,7.0
3d914d8e40f31157e3be423824ddd68e,7.0
d6328ec5aa9325bec0cb4a156931b636,7.0
5ce2f4c66fe0328f4429abaf7b056a0e,7.0
d008a6f0cb0cd3bd834ae68dbc775f98,7.0
daf4b2ed6369e3a05e8b3fc1689aaf5a,7.0
ea2ba746498e8a4ad830d050fbd3020d,7.0
14ab6ab858794ff0b50c0fbb9551cdd2,7.0
89d955d58348ba162703217cfcd2ac41,7.0
1626e9153ef7973b62f2ca6c93e5dfde,7.0
9c5d473078be8a217d37cfd19d55f962,7.0
530d6b1785a52a007379eb2f9239a56d,7.0
5d45e87b9d99adbdf7e2ba122513a698,7.0
ac424ce195f5525112544a738b43cb19,7.0
3846154b15894ab75dcf27a9daf26733,7.0
92a49f84fdbc6f10efa6ffaf910b7227,7.0
a132d4dd872dc35914aac502c40f41c5,7.0
9373ea979e13388215e7529b3a5af31a,7.0
61d32a1a7fab5b84033ee47881087228,7.0
21f6e7bebfeb4c8728c837aec61bdae8,7.0
9b18910c56fe42b14cf95607cdd20a0a,7.0
1ce7eb7ff3c47449096deb5ba927975d,7.0
a092ea16d732cc438fb79815b0456004,7.0
7963f509a15f64bc6e108139bfe48854,7.0
d22c8252a948d2fe4c023a3ab0b1e380,7.0
358f2a5236301a1cf6d052c981e8df3c,7.0
9dfc4597a7c2981ae71cc5192beaffca,7.0
5fdd9177679f2ead92b8e7302d419019,6.0
52c8652621b1d9e2e695321cd802d5be,6.0
cfb967d2b7038670e92bddce9a18d4f6,6.0
20fee042de77efa703518503b05c1495,6.0
684019aef5c31c1d78f6b73b14f44771,6.0
aec550bc14214b4b9a028145c7ccd4eb,6.0
89b5ad67b3071230167eec4080fa1af3,6.0
913fe26a994883aa006b775b4b156d67,6.0
c40b5322b96bf85856f5f59b761ff9de,6.0
c4812341faefd2fe10d1faf46ff8d636,6.0
95c97ef6642c81a0a57e8df5c848c8ef,6.0
744b943584ceaf276ae4ad181666daa9,6.0
06d51f9d6ec4ecd307bd6fedf6c63c98,6.0
bc54df14d6eb57cc8a4a4248ad3a73b8,6.0
906874846d9f57c16218bf42ece97ef7,6.0
8a87ca916af58300bff98d492f33cbaa,6.0
81e250ee03723d7354547122320becc1,6.0
686f2de17cf8a460618ad2ab6084847a,6.0
bb273f4a78a0886761dd79370d9a552d,6.0
bca77a0f7f8bf6a59b123c78af2336d4,6.0
bbe16524793dc31522d378d580fe8342,6.0
4ed949ae6012d35c2e9779e556bc6223,6.0
b15d46c3fd9f3bd3659eab08d4239205,6.0
be8d014532c5799b376346a562fe2c67,6.0
2185d85bd005a8e32fd4197b23db5638,6.0
0046b287d169234ab74c178db99c8941,6.0
5d35970025c4b53f6ebc86ec612b56fc,6.0
7e5b012f907a525b9240e8f759be3748,6.0
f046071fa8a24c3eb143d09367c9eb62,6.0
3ae6b3b860802b2af48cc365773bde5c,6.0
ace01c09d7d51e12f614e956915953ad,5.0
45ee2d4ff023d26d4cd0b410a9918ff8,5.0
743b243a1305866076ee9822f873a166,5.0
799509646a0b603800bff0804eeec414,5.0
be5b52318b603fdbf9f4b15e43395fea,5.0
de21a8711a8dbd24a2eecb83662864ba,5.0
20f02f51a30be059ed4ba61e57cb5783,5.0
b56103557f27fd289b1425d7c527e5ff,5.0
163d58bf740c0eab7b5589a7dd782377,5.0
e0fc650bb6f1f4bb6d5ca27975491592,5.0
2864a3b82c807a141b0c30a961bafca9,5.0
bcefe2f5d45bc0adeec8afe4d5369204,5.0
74df6ff1279d5a10d562ec6ed4ebd064,5.0
3e0529f7b2f41fdff8c4f3d67625fc62,5.0
9db8bcb7132e59da2108e962f7d695f0,5.0
231fb54953f53f88462768866a6a3b01,5.0
68ca70f7246783850a0e467403f41c09,5.0
49d7ae615a31651e5272e6c6f52dc55a,5.0
ff1ddba3fc39ac6d4de457939736623e,5.0
49acf2c391d97c36dc3809f9a4bd1fe6,5.0
ec8d98013c8b5efa807454e3290b90d8,5.0
c2418ae4bda98e39674cebf76c39eae3,5.0
4bc621c94500f7e92cd17ffa46edd48b,5.0
6f8357d03cd874b7e35a74f9253800ad,5.0
a1982fe57b059e33564ed22751cbeae3,5.0
e9a30204649e053d4e75ccf54cfba1c5,5.0
32235e8e942b97a79c8c4ad56f314f51,5.0
53a33102ff708ee91978a2c194df5505,5.0
006f74c3dfc395131b9c87f36649ad35,5.0
39670de62680f8dfbe65720c2ac0914f,5.0
18e0bd09a35393dd51a794a0ddbabc2c,4.0
57f1ff4e1a1ca9b39871bb8b02a22840,4.0
a652c12d38d4b28ed5f4b904bf81a754,4.0
f277006ba2326db13650d5bd19a4daba,4.0
6e73b95574f54ef70715ccc96cdb3ef9,4.0
a6a9480a50d0db24b501a80cd4dd14fb,4.0
fa3878a1e7497a6bcea7159be8f886f6,4.0
84a0c0f8e65aadcfee74e96a08baa76a,4.0
e869d17723998cf4098febe64928ae12,4.0
b261d5fbe73e87715223d821e2073f23,4.0
4ba0f7215179cd2bf0ae94222b1e9be8,4.0
ac5c453b15c006f83963521d4df6fbe9,4.0
fe6d3889a8326fde3362fadd274cd408,4.0
0c98925113ff8c4ae7e7d01598309b55,4.0
90ec7020c628a14fd905f1766aa6689e,4.0
f7f5d6bf9b30ab4087d623c77c5e6505,4.0
4a28f27347c8190f5942737a3d4fa948,4.0
f3b015e043182ca0ab424c5577060a60,4.0
9bfbdc14ad9eb37098eaf9450c4e6edd,4.0
d93db66bb5313846e6bbbce7483b175e,4.0
b881d171d9d2b4a7bfb5646d16995239,4.0
50bbce82a8539e13e9319515233bb97e,4.0
362fc5bcb327d1a14cdb0081ea933a1b,4.0
d34e19c16781bfa95af0e03efad6382e,4.0
24efc5a6912a7ce5d33fcaad6aaf3395,4.0
6edab4ad508769d015062bc1205f1203,4.0
84d3992b1f473776345f1c47b478da63,4.0
d29cc49a6d90f4411f4afc3b2546c926,4.0
e14055b26e3775f81cd1d2ad6f114557,4.0
899ea86bba139308f9a188e7d289fc8a,4.0
70f7a1d112d8325599b23699ed20935b,3.0
0c34b27be7d7d691274d737a1573b9b2,3.0
83505baa04dede241861fc9f7736fae5,3.0
3cc0bab42faa6f815cde077c657e86dc,3.0
ce2a2f0cb704acf786b3563425ec3b53,3.0
7d8e88cf0ceacf151f95d7ebc005c669,3.0
b390a115d32d9179c93d7984484e21b4,3.0
6d476c2d05d6bace927b22af13c145bb,3.0
dba1525ac6bd5173c4d5f87ab82acf63,3.0
2b8fad4221f2b4c3adc698cd2b56803e,3.0
12582a43594f5e864f6bdb53ddc9509a,3.0
a87543e24d7af2ebd715bcbbb5e25888,3.0
8b1c9d25b43e3504359108c1eac51729,3.0
18502728b4baf46dbf431b0e1c7f187a,3.0
9f4c04c36614fd386b2eee27298e41b1,2.0
7ed28276a9a450e9ca6fcf4d162dbef4,2.0
53976595447cfdeb7b839b31dd755525,2.0
91708c3275a67a497f6bdb097acb9c84,2.0
c9d87a2ee9bcf3a21da0f6c603c84a83,2.0
a56c744bd35b37cf3917a87b4ae96c00,2.0
48eff0f3f1e53e0c681af5340afc7d5b,2.0
4ddc4ff9fb3c9fbb30f0e5503e657249,2.0
bf175beee1fa367e7cbeae642ea15701,1.0
63e25221d1677ee99ea37213124ea3b0,1.0
